4
1,2,3,4, 8,9,10,11, 15,16,17,18, 22,23,24,25
4,5,6,7, 11,12,13,14, 18,19,20,21, 25,26,27,28
22,23,24,25, 29,30,31,32, 36,37,38,39, 43,44,45,46
25,26,27,28, 32,33,34,35, 39,40,41,42, 46,47,48,49
49
1.000000,0.500000,1.000000
0.666667,1.000000,1.000000
0.333333,0.500000,1.000000
0.000000,0.000000,1.000000
-0.333333,0.500000,1.000000
-0.666667,1.000000,1.000000
-1.000000,0.500000,1.000000
1.000000,0.000000,0.666667
0.666667,0.500000,0.666667
0.333333,0.000000,0.666667
0.000000,-0.500000,0.666667
-0.333333,0.000000,0.666667
-0.666667,0.500000,0.666667
-1.000000,0.000000,0.666667
1.000000,-0.500000,0.333333
0.666667,0.000000,0.333333
0.333333,-0.500000,0.333333
0.000000,-1.000000,0.333333
-0.333333,-0.500000,0.333333
-0.666667,0.000000,0.333333
-1.000000,-0.500000,0.333333
1.000000,0.000000,0.000000
0.666667,0.500000,0.000000
0.333333,0.000000,0.000000
0.000000,-0.500000,0.000000
-0.333333,0.000000,0.000000
-0.666667,0.500000,0.000000
-1.000000,0.000000,0.000000
1.000000,0.500000,-0.333333
0.666667,1.000000,-0.333333
0.333333,0.500000,-0.333333
0.000000,0.000000,-0.333333
-0.333333,0.500000,-0.333333
-0.666667,1.000000,-0.333333
-1.000000,0.500000,-0.333333
1.000000,0.000000,-0.666667
0.666667,0.500000,-0.666667
0.333333,0.000000,-0.666667
0.000000,-0.500000,-0.666667
-0.333333,0.000000,-0.666667
-0.666667,0.500000,-0.666667
-1.000000,0.000000,-0.666667
1.000000,0.500000,-1.000000
0.666667,1.000000,-1.000000
0.333333,0.500000,-1.000000
0.000000,0.000000,-1.000000
-0.333333,0.500000,-1.000000
-0.666667,1.000000,-1.000000
-1.000000,0.500000,-1.000000
