26
4,3,2,1,8,7,6,5,12,11,10,9,16,15,14,13
19,18,17,4,22,21,20,8,25,24,23,12,28,27,26,16
31,30,29,19,34,33,32,22,37,36,35,25,40,39,38,28
1,42,41,31,5,44,43,34,9,46,45,37,13,48,47,40
16,15,14,13,52,51,50,49,56,55,54,53,60,59,58,57
28,27,26,16,63,62,61,52,66,65,64,56,69,68,67,60
40,39,38,28,72,71,70,63,75,74,73,66,78,77,76,69
13,48,47,40,49,80,79,72,53,82,81,75,57,84,83,78
196,195,194,193,200,199,198,197,204,203,202,201,4,3,2,1
207,206,205,196,210,209,208,200,213,212,211,204,19,18,17,4
216,215,214,207,219,218,217,210,222,221,220,213,31,30,29,19
193,224,223,216,197,226,225,219,201,228,227,222,1,42,41,31
28,231,230,229,235,234,233,232,239,238,237,236,243,242,241,240
229,245,244,28,232,247,246,235,236,249,248,239,240,251,250,243
60,59,58,57,88,87,86,85,92,91,90,89,96,95,94,93
69,68,67,60,99,98,97,88,102,101,100,92,105,104,103,96
78,77,76,69,108,107,106,99,111,110,109,102,114,113,112,105
57,84,83,78,85,116,115,108,89,118,117,111,93,120,119,114
96,95,94,93,124,123,122,121,128,127,126,125,132,131,130,129
105,104,103,96,135,134,133,124,138,137,136,128,141,140,139,132
114,113,112,105,144,143,142,135,147,146,145,138,150,149,148,141
93,120,119,114,121,152,151,144,125,154,153,147,129,156,155,150
132,131,130,129,160,159,158,157,164,163,162,161,168,167,166,165
141,140,139,132,171,170,169,160,174,173,172,164,177,176,175,168
150,149,148,141,180,179,178,171,183,182,181,174,186,185,184,177
129,156,155,150,157,188,187,180,161,190,189,183,165,192,191,186
251
0.409091,0.772727,0.0
0.409091,0.772727,-0.229091
0.229091,0.772727,-0.409091
0.0,0.772727,-0.409091
0.409091,0.886364,0.0
0.409091,0.886364,-0.229091
0.229091,0.886364,-0.409091
0.0,0.886364,-0.409091
0.454545,0.886364,0.0
0.454545,0.886364,-0.254545
0.254545,0.886364,-0.454545
0.0,0.886364,-0.454545
0.454545,0.772727,0.0
0.454545,0.772727,-0.254545
0.254545,0.772727,-0.454545
0.0,0.772727,-0.454545
-0.229091,0.772727,-0.409091
-0.409091,0.772727,-0.229091
-0.409091,0.772727,0.0
-0.229091,0.886364,-0.409091
-0.409091,0.886364,-0.229091
-0.409091,0.886364,0.0
-0.254545,0.886364,-0.454545
-0.454545,0.886364,-0.254545
-0.454545,0.886364,0.0
-0.254545,0.772727,-0.454545
-0.454545,0.772727,-0.254545
-0.454545,0.772727,0.0
-0.409091,0.772727,0.229091
-0.229091,0.772727,0.409091
0.0,0.772727,0.409091
-0.409091,0.886364,0.229091
-0.229091,0.886364,0.409091
0.0,0.886364,0.409091
-0.454545,0.886364,0.254545
-0.254545,0.886364,0.454545
0.0,0.886364,0.454545
-0.454545,0.772727,0.254545
-0.254545,0.772727,0.454545
0.0,0.772727,0.454545
0.229091,0.772727,0.409091
0.409091,0.772727,0.229091
0.229091,0.886364,0.409091
0.409091,0.886364,0.229091
0.254545,0.886364,0.454545
0.454545,0.886364,0.254545
0.254545,0.772727,0.454545
0.454545,0.772727,0.254545
0.454545,0.545455,0.0
0.454545,0.545455,-0.254545
0.254545,0.545455,-0.454545
0.0,0.545455,-0.454545
0.454545,0.272727,0.0
0.454545,0.272727,-0.254545
0.254545,0.272727,-0.454545
0.0,0.272727,-0.454545
0.318182,0.0454545,0.0
0.318182,0.0454545,-0.178182
0.178182,0.0454545,-0.318182
0.0,0.0454545,-0.318182
-0.254545,0.545455,-0.454545
-0.454545,0.545455,-0.254545
-0.454545,0.545455,0.0
-0.254545,0.272727,-0.454545
-0.454545,0.272727,-0.254545
-0.454545,0.272727,0.0
-0.178182,0.0454545,-0.318182
-0.318182,0.0454545,-0.178182
-0.318182,0.0454545,0.0
-0.454545,0.545455,0.254545
-0.254545,0.545455,0.454545
0.0,0.545455,0.454545
-0.454545,0.272727,0.254545
-0.254545,0.272727,0.454545
0.0,0.272727,0.454545
-0.318182,0.0454545,0.178182
-0.178182,0.0454545,0.318182
0.0,0.0454545,0.318182
0.254545,0.545455,0.454545
0.454545,0.545455,0.254545
0.254545,0.272727,0.454545
0.454545,0.272727,0.254545
0.178182,0.0454545,0.318182
0.318182,0.0454545,0.178182
0.545455,0.0454545,0.0
0.545455,0.0454545,-0.305455
0.305455,0.0454545,-0.545455
0.0,0.0454545,-0.545455
0.727273,0.136364,0.0
0.727273,0.136364,-0.407273
0.407273,0.136364,-0.727273
0.0,0.136364,-0.727273
0.909091,0.136364,0.0
0.909091,0.136364,-0.509091
0.509091,0.136364,-0.909091
0.0,0.136364,-0.909091
-0.305455,0.0454545,-0.545455
-0.545455,0.0454545,-0.305455
-0.545455,0.0454545,0.0
-0.407273,0.136364,-0.727273
-0.727273,0.136364,-0.407273
-0.727273,0.136364,0.0
-0.509091,0.136364,-0.909091
-0.909091,0.136364,-0.509091
-0.909091,0.136364,0.0
-0.545455,0.0454545,0.305455
-0.305455,0.0454545,0.545455
0.0,0.0454545,0.545455
-0.727273,0.136364,0.407273
-0.407273,0.136364,0.727273
0.0,0.136364,0.727273
-0.909091,0.136364,0.509091
-0.509091,0.136364,0.909091
0.0,0.136364,0.909091
0.305455,0.0454545,0.545455
0.545455,0.0454545,0.305455
0.407273,0.136364,0.727273
0.727273,0.136364,0.407273
0.509091,0.136364,0.909091
0.909091,0.136364,0.509091
1.0,0.136364,0.0
1.0,0.136364,-0.56
0.56,0.136364,-1.0
0.0,0.136364,-1.0
1.0,0.0909091,0.0
1.0,0.0909091,-0.56
0.56,0.0909091,-1.0
0.0,0.0909091,-1.0
0.909091,0.0909091,0.0
0.909091,0.0909091,-0.509091
0.509091,0.0909091,-0.909091
0.0,0.0909091,-0.909091
-0.56,0.136364,-1.0
-1.0,0.136364,-0.56
-1.0,0.136364,0.0
-0.56,0.0909091,-1.0
-1.0,0.0909091,-0.56
-1.0,0.0909091,0.0
-0.509091,0.0909091,-0.909091
-0.909091,0.0909091,-0.509091
-0.909091,0.0909091,0.0
-1.0,0.136364,0.56
-0.56,0.136364,1.0
0.0,0.136364,1.0
-1.0,0.0909091,0.56
-0.56,0.0909091,1.0
0.0,0.0909091,1.0
-0.909091,0.0909091,0.509091
-0.509091,0.0909091,0.909091
0.0,0.0909091,0.909091
0.56,0.136364,1.0
1.0,0.136364,0.56
0.56,0.0909091,1.0
1.0,0.0909091,0.56
0.509091,0.0909091,0.909091
0.909091,0.0909091,0.509091
0.727273,0.0909091,0.0
0.727273,0.0909091,-0.407273
0.407273,0.0909091,-0.727273
0.0,0.0909091,-0.727273
0.545455,0.0,0.0
0.545455,0.0,-0.305455
0.305455,0.0,-0.545455
0.0,0.0,-0.545455
0.318182,0.0,0.0
0.318182,0.0,-0.178182
0.178182,0.0,-0.318182
0.0,0.0,-0.318182
-0.407273,0.0909091,-0.727273
-0.727273,0.0909091,-0.407273
-0.727273,0.0909091,0.0
-0.305455,0.0,-0.545455
-0.545455,0.0,-0.305455
-0.545455,0.0,0.0
-0.178182,0.0,-0.318182
-0.318182,0.0,-0.178182
-0.318182,0.0,0.0
-0.727273,0.0909091,0.407273
-0.407273,0.0909091,0.727273
0.0,0.0909091,0.727273
-0.545455,0.0,0.305455
-0.305455,0.0,0.545455
0.0,0.0,0.545455
-0.318182,0.0,0.178182
-0.178182,0.0,0.318182
0.0,0.0,0.318182
0.407273,0.0909091,0.727273
0.727273,0.0909091,0.407273
0.305455,0.0,0.545455
0.545455,0.0,0.305455
0.178182,0.0,0.318182
0.318182,0.0,0.178182
0.272727,0.0454545,0.0
0.272727,0.0454545,-0.152727
0.152727,0.0454545,-0.272727
0.0,0.0454545,-0.272727
0.409091,0.272727,0.0
0.409091,0.272727,-0.229091
0.229091,0.272727,-0.409091
0.0,0.272727,-0.409091
0.409091,0.545455,0.0
0.409091,0.545455,-0.229091
0.229091,0.545455,-0.409091
0.0,0.545455,-0.409091
-0.152727,0.0454545,-0.272727
-0.272727,0.0454545,-0.152727
-0.272727,0.0454545,0.0
-0.229091,0.272727,-0.409091
-0.409091,0.272727,-0.229091
-0.409091,0.272727,0.0
-0.229091,0.545455,-0.409091
-0.409091,0.545455,-0.229091
-0.409091,0.545455,0.0
-0.272727,0.0454545,0.152727
-0.152727,0.0454545,0.272727
0.0,0.0454545,0.272727
-0.409091,0.272727,0.229091
-0.229091,0.272727,0.409091
0.0,0.272727,0.409091
-0.409091,0.545455,0.229091
-0.229091,0.545455,0.409091
0.0,0.545455,0.409091
0.152727,0.0454545,0.272727
0.272727,0.0454545,0.152727
0.229091,0.272727,0.409091
0.409091,0.272727,0.229091
0.229091,0.545455,0.409091
0.409091,0.545455,0.229091
-0.454545,0.704545,0.0
-0.454545,0.704545,-0.0454545
-0.454545,0.772727,-0.0454545
-0.772727,0.863636,0.0
-0.772727,0.863636,-0.0454545
-0.818182,0.954545,-0.0454545
-0.818182,0.954545,0.0
-0.772727,0.522727,0.0
-0.772727,0.522727,-0.0454545
-0.909091,0.477273,-0.0454545
-0.909091,0.477273,0.0
-0.409091,0.363636,0.0
-0.409091,0.363636,-0.0454545
-0.409091,0.295455,-0.0454545
-0.409091,0.295455,0.0
-0.454545,0.772727,0.0454545
-0.454545,0.704545,0.0454545
-0.818182,0.954545,0.0454545
-0.772727,0.863636,0.0454545
-0.909091,0.477273,0.0454545
-0.772727,0.522727,0.0454545
-0.409091,0.295455,0.0454545
-0.409091,0.363636,0.0454545
